**************Random Forest**************
             precision    recall  f1-score   support

          0     0.9638    0.8826    0.9214      2052
          1     1.0000    0.9577    0.9784      1819
          2     0.9968    0.9986    0.9977      5057
          3     0.9215    0.9884    0.9537      2754
          4     0.9881    0.9949    0.9915      5901

avg / total     0.9786    0.9780    0.9778     17583
*************xgboost**************
             precision    recall  f1-score   support

          0     0.9797    0.9654    0.9725      2052
          1     0.9995    1.0000    0.9997      1819
          2     1.0000    1.0000    1.0000      5057
          3     0.9748    0.9851    0.9800      2754
          4     0.9998    0.9998    0.9998      5901

avg / total     0.9936    0.9936    0.9936     17583